movieId	actors
93088	2912 2569 3307 
171785	1670 1607 3091 1072 3162 
163058	1627 572 
34818	160 2399 2112 
151744	2969 595 1449 
75451	2030 2049 3102 
136034	2921 
177374	1740 22 
36044	839 1047 
124031	3445 2637 7 
86023	848 2006 3136 827 
85660	602 405 258 2398 
19403	2349 2155 
180381	3414 3137 
109911	684 1632 2556 1505 
19504	1781 
65648	387 
174447	562 2424 1004 
52972	1531 757 2062 
152344	3231 2118 121 1114 
120525	2533 31 
40041	3227 
60753	1556 760 3200 
129072	2455 1531 1058 
149776	2469 
161967	793 686 1656 1353 982 2932 1511 
49483	3162 3152 885 637 
30343	1321 1651 
52103	444 2286 
11810	3120 3365 2021 
85141	1059 2264 595 
27219	2069 1250 2097 
24386	1702 687 3106 
45945	3426 1344 
95251	971 3111 180 2143 
122559	1914 1326 2797 795 2593 
10037	898 306 1808 
47229	2381 2790 
158180	1093 3405 324 
61823	1450 
49336	1879 188 
147092	1494 1452 60 
19051	100 3222 2090 481 1773 1696 2611 2884 
37461	489 2349 2336 592 
35973	599 
100974	432 443 870 
63562	2450 2600 
140718	2625 539 1114 
56227	157 3329 
50163	988 931 2433 
27103	51 184 
82219	2083 2706 
38899	3114 1531 
57412	536 578 586 
19031	2367 
74303	3283 3415 
79826	2411 839 3365 
158178	841 672 2242 2552 840 
10241	2545 3368 477 
89755	490 931 2000 
87975	2168 517 821 3169 853 
84666	2777 2369 425 1048 
140695	1201 1052 2276 117 
67195	945 463 
53781	2771 772 2259 1455 
95503	3365 1093 2445 
153449	695 1055 2104 421 
134193	643 537 1622 405 3371 
65719	3272 918 3255 
168501	1 
102272	2761 1423 1923 
51807	3387 2132 2260 
153729	3277 2495 
38461	47 2170 844 
31231	2763 2640 
40034	3387 180 
68086	1418 1531 
124845	2389 1268 
101180	742 1703 2311 818 1274 3457 184 2864 
83260	2027 3163 2721 
168059	606 2479 170 
148697	2245 2945 
53025	2163 3035 1218 3142 
123630	1225 2349 2101 
118967	2575 1653 
168049	1113 2601 2086 
36342	2982 1910 2142 
143372	1955 2587 3395 
133387	1920 1699 2028 
98996	1059 2275 
16428	2876 1560 
92550	1318 1750 1915 3301 
120102	1656 1512 1305 
128273	1026 3045 
129408	2158 1125 2779 
65245	1106 
124041	1748 541 1779 
38455	2435 629 3243 
119951	61 2854 1305 796 910 2711 2602 1067 
78331	1624 3365 3415 
140652	3438 1340 
49228	754 934 2782 
106335	2072 2855 
132665	2435 433 
45719	456 2769 
141104	3446 1892 609 
85633	2906 1432 736 
79762	2426 242 2464 2255 2771 1029 813 
48311	2910 1240 1057 2763 
64961	1713 2373 894 1948 
94112	3426 774 1209 2368 
12158	1614 1842 2340 2910 
146459	1093 31 1121 
92069	1225 862 2413 379 
115465	1055 3214 
50932	2533 1953 3371 61 
70651	3333 2320 
31269	1225 1833 2433 
161331	247 2897 
68071	2631 1628 1197 
33158	718 1940 
37386	3118 2246 2580 
17111	1061 2709 
62263	463 1137 
10016	2377 2237 3203 698 
50218	1322 1916 1831 
58273	105 3221 
85640	1582 1441 609 1545 841 1263 
19086	815 823 
64242	931 2494 2094 
91399	2226 538 1189 
28099	988 206 
70396	3318 
52514	3318 3283 1635 
92972	1644 425 781 1204 
65058	3083 184 2003 2165 1178 
110332	1610 3086 766 
32240	251 1581 
72712	445 2487 309 637 249 1953 1913 2591 
172425	1515 1486 
124807	3309 468 2905 
174659	1478 
11467	825 472 
40917	27 1057 2926 1019 
160399	3404 2761 
39158	1873 198 
123300	3168 3133 
38547	1970 
84681	418 1552 2637 1810 3136 
146548	457 2222 906 790 
158647	1537 765 1117 373 
119985	2414 20 1149 
102309	1581 1822 1732 
53441	994 2114 
79747	418 1979 2509 348 561 1993 2569 
34210	2223 1424 31 2693 1855 2313 
157178	770 1422 
65113	1225 
37005	2520 
39363	2425 1720 
79425	644 3194 733 
166092	3446 686 
153297	2830 
174807	848 461 1882 77 
125411	2505 2725 3 
109982	2104 1134 2920 
93218	181 1469 1276 
39569	3390 704 2001 
10034	757 3198 
42690	2069 771 
72177	1295 3363 
108255	1359 1405 2308 2513 
73402	161 2467 2312 
99774	1300 1564 1648 
69467	2002 2337 2937 2922 701 
163060	2791 647 1738 
136824	609 2637 12 
118361	1787 1602 2788 
10275	639 1783 2448 
17440	1614 56 2981 
72648	848 432 3432 856 1194 1291 
168017	2952 2203 
170242	2951 
16906	3228 266 478 
122120	3162 1201 
99746	2477 3367 963 
66584	1964 1557 
10012	3365 
176354	2365 1709 983 3266 2374 505 1384 
116233	2969 1474 2631 
63156	2336 482 
74610	149 2735 1531 
35282	1093 947 1044 2434 
64192	148 2342 
122984	2623 2154 2614 1052 
181104	1069 1952 1157 
61273	2664 2417 
45715	1624 1183 2188 
67374	1063 2465 189 
117774	1582 445 1433 1880 1101 
43516	1063 1965 
31162	3227 1651 
26677	73 
51161	3412 25 2726 
65021	192 113 
74799	3425 2824 3179 
136687	1029 1324 1789 2400 81 
19120	1217 2174 2642 
30791	1950 2645 845 
36843	82 2104 1273 1094 
114260	617 2147 1098 
53041	2941 1741 975 1550 
42509	2590 
50681	703 
109778	686 841 
36742	2188 664 1185 
173667	2625 176 
54977	101 2734 
46532	854 1328 703 
36385	144 2673 
145816	2382 1568 
58023	1844 1914 
43206	2617 1871 
113351	2756 1058 1802 891 
171415	2702 1078 1717 2807 
158620	988 3415 2094 
57950	489 3151 
148675	3349 2881 
151752	1533 2503 181 
119510	630 761 485 
31196	3135 2336 
103760	3300 1528 759 
118307	2867 2735 2054 
100931	1328 876 
73508	1369 2639 
140895	3433 3449 2776 2727 
32588	2124 521 
10282	2439 1180 2571 213 
73317	2032 580 
106065	2141 339 1947 
122195	2623 3445 1052 
45979	2769 1172 1093 1624 
161850	554 1441 
83546	3135 1611 
38898	2093 1786 1054 
89667	1334 1078 2247 984 
165025	2213 3206 
44477	3168 1504 
77039	1823 272 1755 
116532	3173 2443 678 
45942	251 3350 
73418	2147 1344 2964 
130939	3168 1332 1508 
52954	3171 3214 2274 2618 
10093	911 2672 2958 473 
38444	3426 1557 56 
85839	2612 2306 1014 325 
99800	1413 1473 1874 
98173	1873 2937 1750 90 3238 3346 
96372	2284 732 2505 
171755	31 3285 7 
181414	651 1220 552 
10181	3116 
52462	2115 1441 
73600	428 2381 1593 
77764	260 2286 2573 161 
47411	3350 3210 1647 
159862	386 2327 545 
65840	2673 684 
109642	251 1098 1349 
18827	1634 988 
167638	1201 841 3308 1670 1516 401 1007 
70457	2153 2575 799 
10700	3365 857 
31565	3329 1273 82 
96962	1438 2834 2121 
143473	2637 3128 
99723	318 1549 633 2895 915 
31282	804 41 1504 
38091	463 828 1774 
150073	690 1622 2504 
52307	565 2789 
151674	2743 1666 1899 620 
39576	148 
181419	2264 2008 2594 
70007	441 271 1393 
141206	3445 1552 
36944	601 580 3391 
129266	1528 907 1925 
49783	892 3352 2068 
38804	2228 2572 29 1457 2607 
37397	1005 1950 
127841	2379 580 2369 
17182	922 1845 396 
89724	3056 1628 976 
124025	2617 3136 394 
127858	3104 3399 
156465	13 
33080	3250 57 1996 3213 254 1952 
93090	1556 1101 1953 2196 2306 1043 625 1888 
69269	1457 1616 
92003	2336 1755 1325 2401 
101700	748 3302 1537 1196 
130765	1101 1671 3252 3248 
47587	2466 1301 332 2741 
24194	1112 2836 
71768	1225 38 
142739	2154 86 688 2674 
109905	2466 1301 2141 839 
146506	2059 2083 1777 469 1122 
52515	1964 2497 
37439	38 211 2104 437 
58088	2589 1278 
80626	1558 2390 3145 
56220	490 1102 1615 
44449	1579 3040 1518 
36798	2065 120 
152182	2108 1195 1446 
101611	2803 1095 2414 
144906	3341 1172 1050 
71691	2705 978 1695 2975 
79559	710 1638 3174 
10314	97 3418 2391 
90591	498 1024 1602 
16877	140 778 776 3228 
76143	1628 3415 1945 
116234	2783 167 
86276	1582 1950 537 
147001	1093 2854 156 
11720	649 2570 
72181	336 2194 213 1139 
52120	1001 2942 21 
179139	1055 
127338	500 788 3339 1292 
73411	1450 3273 2286 2336 
39614	3245 2975 972 102 
165461	1723 2668 1135 2597 
92068	988 1024 2433 
151241	2761 3200 12 2710 989 129 3150 
70922	3083 94 
36321	2634 2040 2930 
134898	2284 2455 3112 
124238	2462 1781 2695 
74528	2059 1423 13 3239 
164116	1442 1970 328 
129050	2706 2236 1888 1406 1433 1055 1636 3239 
18597	1740 1316 
70910	2589 2928 
47666	1914 1035 2706 2123 
151151	3415 1404 1465 
13479	50 
36174	1790 1269 
65861	407 1350 
47701	3087 1768 
33096	2286 3025 
154717	2462 2596 2181 
162932	1866 2196 
72054	38 211 1414 
86197	1188 2779 2707 
61101	3289 302 3418 849 
96961	2723 445 
29548	495 486 
74027	1552 1187 3308 1410 
76692	1586 2986 700 
47414	793 
35733	2349 1112 
74449	3020 2171 743 1084 
34456	1018 2315 2798 2187 
98141	2533 2443 
173459	1 
39652	1062 1075 
38338	988 1557 2231 2499 
17945	2704 1645 3237 
140265	1895 2851 2444 
49948	1467 2757 2156 
36351	1634 489 
51947	345 1414 1323 
35939	1062 2854 2533 
48191	413 2684 
45889	580 1604 1852 2880 
52747	2059 1041 1201 1953 
149248	2158 1125 2779 
71151	1837 830 
136898	234 237 526 
38421	490 1674 
145418	2853 
22061	12 2262 
92011	2708 2455 2260 
49852	1991 3071 314 1489 1141 
114293	164 3006 333 956 
76695	533 3073 1302 1060 493 1456 1013 376 
93793	580 1663 708 
70241	515 187 2660 
17450	703 336 
93756	601 2623 841 
114593	852 284 626 
75355	101 2625 848 805 
36506	782 3202 1997 2031 
93739	418 2625 1255 805 1473 
39571	2639 
68984	967 685 2368 
35110	204 490 216 1977 
30306	695 1005 
159845	1992 1077 
74309	767 2646 3048 621 863 
10448	2956 1659 1249 2947 
24830	1374 82 
62742	2286 3213 
34522	1964 3227 
70427	2987 3370 817 
19436	148 
100654	827 1633 318 3041 2485 12 
143394	1202 2260 933 980 
95263	3171 2032 741 2552 
125459	2214 1531 1837 
64171	3209 1755 2455 
76444	1052 534 2094 3415 
33112	1763 559 1676 
17150	656 1637 
47529	1201 1677 2056 1026 2584 2733 755 137 
83410	916 578 
92526	907 755 
29059	1833 2334 
30302	1229 679 3295 
41428	1677 2773 2197 462 
106850	388 
46489	114 685 
90885	3271 907 
158610	3337 2260 2567 
118365	3044 2809 166 
149174	1041 3249 48 1363 92 78 
49532	1469 229 1846 824 
43502	703 
49835	3151 2575 
49957	2468 389 2626 
120141	264 3223 
119954	1552 2714 986 375 2043 324 1150 989 
25580	2191 3020 2151 948 
85149	3207 2092 346 2276 
10020	1090 2850 1725 
76459	3213 1372 3030 
103271	2593 1625 2291 
77768	700 617 2147 
65000	3273 2551 4 
154112	2069 210 
159516	1385 2095 2988 
18934	1744 3012 2883 2745 
137970	1955 1594 
82262	1898 274 
89606	2617 686 2623 
103759	2489 462 
156200	112 2554 2088 3134 402 3175 1091 2902 
74315	86 445 1441 236 805 2358 2623 574 
47384	1423 2667 581 
173653	1740 
124803	785 2677 
72242	1369 733 
121048	1005 695 3446 
45919	2242 1041 1656 
44111	3446 3347 
39723	2551 2639 1374 
93312	2083 1604 1471 488 401 
56612	419 2728 349 
165475	2171 1520 1986 427 
41599	2491 2060 
99354	549 611 612 2362 2904 681 
52412	1064 2369 3152 2137 
13500	1266 1753 731 922 
71975	1183 
83268	2059 3377 
109937	755 1163 
66728	3325 727 351 
73476	794 633 1447 2719 
149747	1273 1276 1160 
150376	2885 3267 
91700	1977 2232 1576 
172003	196 751 
78790	2489 1035 
96327	2014 1102 2462 
69022	3255 832 
94897	2282 1201 574 
19099	3426 
33755	2799 181 
92825	1216 2054 3088 
80628	149 211 
93654	86 675 3239 2177 129 
109912	352 2651 1692 
167629	1458 2364 
171413	1551 2133 2965 152 244 2394 
118917	931 3163 
82389	3227 82 1977 1892 
137887	1674 2080 2370 
65815	3318 19 1837 1206 
34497	2144 871 2383 
96997	3023 129 683 1330 
10230	1747 3343 
134885	3103 1534 1374 
158191	3162 3446 1201 3287 3200 3187 
160375	2141 2592 
62328	2014 793 2356 339 
45535	3305 3350 634 812 
158631	1904 2920 590 
151153	606 1003 1534 3302 
62249	251 
36865	1927 
93752	1062 242 
50667	1586 2487 3085 2548 1679 
93158	2517 1490 
35090	335 459 420 644 
76711	746 1677 796 1663 
73372	1492 16 2812 668 
126389	2891 
155356	462 2179 3187 
45709	3145 1468 
107921	214 1585 831 
67382	2050 2792 1453 
71932	1992 298 
171414	2696 1256 
127374	1796 2639 
82473	988 666 1521 
68073	216 1728 2806 
124206	2800 758 2322 
75426	2446 
47428	2948 990 2020 2497 
31013	3174 2494 3429 
112664	3271 1704 1079 783 2827 322 2136 964 
82080	2069 1250 684 
75400	1488 354 
86783	353 2465 1134 1132 
181003	1110 
168037	2284 391 195 
17040	3273 2840 1432 
10489	975 3274 
17800	2007 
15214	46 223 
134977	105 1140 
121922	793 2937 2252 
63845	2654 3319 
24542	1891 1963 205 
18811	306 1654 
31925	479 
86888	1026 495 779 2298 2343 805 
164172	2918 3223 984 
71769	839 2413 
32681	1925 970 
76048	2854 1413 1890 
92064	316 2934 2598 400 
123276	2948 2462 3370 
88399	1179 
27350	278 2326 
11153	2411 1781 2627 1215 
60311	2443 580 
72362	2462 2665 2631 
69337	2350 75 
95515	2828 2384 2637 1256 1145 
72560	1909 2255 537 2380 3130 1993 3152 
124225	1737 2346 843 
92181	2574 2341 18 
67616	3207 462 2318 
91955	1602 214 1136 
43209	1418 145 397 
87276	2801 820 2407 
66834	2094 1432 2336 
143495	3227 1094 3056 
163788	2872 3387 1261 
51936	3059 2412 3300 1480 1264 
35778	1488 418 
31581	2473 1203 1578 
136869	2066 353 1608 
98432	899 1660 
56083	3377 2844 2234 
45914	989 31 14 1080 1022 3292 2111 1041 
108225	1979 2489 3136 1925 462 
27564	2948 945 1272 1858 
18352	715 
115503	1301 2789 199 
167602	2372 873 
19019	2671 3318 3322 
29219	2752 1051 
126032	3387 41 1495 1594 
29558	1321 2559 1503 
56058	490 38 211 1102 
40194	2870 3176 3151 3074 
116254	490 1325 306 1605 
66583	2896 1521 846 946 
18610	1724 1558 
65994	2000 2221 1598 
38227	3229 1592 
65963	1423 1752 1305 3393 
78726	3162 1748 695 1005 3263 1992 609 3292 
93089	1949 1577 
70531	543 3107 1930 
18847	1964 1557 
18801	1978 2946 
73918	2893 2205 590 
74567	2381 2790 
154136	3268 2480 1053 
51918	2381 2790 
157297	793 3136 1892 
66215	1953 198 2419 1553 
159848	2021 3227 
75470	2169 540 
40743	1389 263 
137872	2397 1407 2755 
13008	658 1614 1193 
125488	2128 1338 259 
57723	2854 1748 156 1201 
71713	2367 836 2454 
118974	1740 3251 2758 
52553	1465 3273 
103709	2825 578 2195 
39516	1093 2673 2645 
47254	1055 1295 771 546 
38254	2714 1834 
48598	1055 2013 1144 1264 
45779	3271 1415 1925 
177967	1101 2761 1133 
102875	2059 1556 609 759 
107924	3445 554 294 2298 394 
151751	2769 259 145 
130956	2021 1629 1541 2749 
13234	2906 1534 
47404	28 2631 
30861	3419 2865 
125484	2069 2734 
82440	3362 2636 
53158	771 22 
122596	3229 2670 1722 
165722	2109 2508 
119294	450 1775 526 
72058	2551 1203 2372 
156083	3201 582 408 
130342	2415 3385 1028 
44885	1369 2759 
81316	2487 1777 
52999	2033 1826 
38347	988 
113635	1497 1739 2595 
33422	251 
137938	3040 642 2742 
44994	2610 211 
129394	1950 982 2698 1341 845 280 129 2278 
18043	731 1276 2229 
133496	2992 3455 791 
69866	1619 1063 2551 
50583	560 2390 1045 
67061	1093 407 385 2739 
66283	703 3055 
88270	2896 1996 57 
34514	934 332 2459 
18046	2911 2715 1169 
145335	1029 3002 
158558	2482 3225 2016 175 
41705	1925 409 1278 2456 388 
38880	3426 881 
100987	638 3090 1002 
19302	2208 
45888	1423 3438 
127496	601 
34486	73 3387 
57897	1061 
100399	86 2831 3200 128 
67635	3290 2816 712 34 2110 2880 3032 3053 919 285 3115 
85857	2489 1111 574 
31153	1466 403 2476 3340 
74629	2770 
143416	1565 981 
65869	515 724 17 
181411	1538 1138 1685 
54973	2050 2792 295 
39841	793 2182 1597 1892 264 
88240	1256 1561 446 2771 1751 2111 991 
149512	1564 3404 1992 
45941	3416 1450 1369 
49380	2982 
65213	3055 2561 188 
16466	3000 2506 99 2712 
165060	267 654 
38420	3387 3452 1190 
73158	814 1600 
10936	988 1654 3159 
98149	1093 2723 541 
140731	2466 2141 617 839 
61427	145 1534 1183 
37493	1985 2119 
158622	194 1807 1454 
39397	56 2526 
10116	3227 83 1037 3260 
115246	3292 3296 121 
70000	251 1414 
168047	212 331 2338 1900 276 
43681	3391 2854 
92971	1926 2831 2750 1210 2813 
34160	40 
12482	1634 
92061	237 1674 1614 
106332	2282 1115 
121196	1 
17903	774 2483 
19517	2646 2349 2038 
77125	903 3231 156 2719 
160487	1979 2896 
89867	469 2458 
18037	2682 665 3264 
139673	1295 1542 3249 
149517	2252 2536 1016 
69945	1595 1006 
69024	2635 87 2669 
74632	2466 1301 2141 
64194	1380 2734 1953 12 2003 49 
32972	2735 3283 1775 
19061	251 158 3358 
118455	1993 421 588 1545 
70397	3377 
63403	3369 2722 3232 
50498	1321 
80866	3162 2937 
39405	2489 86 3391 
64918	2146 686 
133437	3215 3256 1275 
34532	932 321 
134772	3081 22 2306 1195 
118347	1581 1065 1742 
152249	2104 3217 
165669	3223 1155 3036 
39804	565 2789 868 
149504	585 574 1868 
80629	1798 3420 1202 
37742	2646 1418 139 3117 
166589	1 
78160	2551 463 
169015	2154 3239 713 2908 
54290	1172 2413 
152161	2625 128 
16503	3168 269 1802 
74893	2617 1926 
79312	2969 2654 726 
120057	1413 640 
106598	1914 746 460 813 1620 440 288 2929 
162249	2141 311 1910 
93035	3231 129 1274 
26112	2020 260 1283 472 
146488	1 
17970	1521 1065 
10008	1085 2258 1883 2874 
12924	191 3254 1905 
39368	1087 823 
53945	2619 3275 663 2512 
51317	2714 771 2623 
71790	260 1408 3024 1675 274 
139700	1748 1101 905 
51440	2443 1979 
141411	1555 317 3400 
33930	2730 1945 3153 
87585	2430 1270 1524 2736 
29550	204 490 216 1977 
144215	617 2094 2385 
99155	2496 3393 144 2542 
71761	2911 2033 2084 270 2338 1451 
122916	585 2196 3223 
115433	418 1625 2379 2204 682 789 1263 2313 
45290	1558 931 211 
39470	1303 691 
61848	3188 1009 
84683	1035 1187 1750 309 3265 
132610	3352 916 1764 1008 
123268	237 2067 
37983	3171 947 3001 1873 
34093	2069 1250 
125443	2286 2948 2363 2110 1668 
11354	2138 
51510	558 3261 
38823	337 935 
68945	353 1954 1617 
17946	1582 2129 2456 
114265	181 1531 1807 
48246	418 1278 495 827 903 
130850	3320 4 3160 3294 
103178	2054 1174 1524 
64686	2708 550 587 
114249	1273 1160 2462 
76108	1380 755 1616 2123 
50724	2971 2519 1381 
163699	371 370 
40222	1740 2617 1026 1951 1670 2734 2645 640 
35070	82 994 1963 2147 
34969	2007 2995 3257 
50785	893 315 2125 
58387	466 1986 3363 
31794	960 216 1645 
17543	577 
29712	2020 2338 1996 1514 
89636	2059 2255 3244 2637 806 2043 
151747	1449 1273 1660 
97692	1450 2336 3273 2286 
31465	278 2450 1812 
22749	474 1131 2454 
37686	2000 2526 
118395	1586 1753 3004 
51777	2646 1259 
37758	1172 1063 1544 133 
45253	1159 3276 3253 
38662	1740 1062 
97816	1728 216 2806 
71509	1768 2306 
66415	1096 1208 3316 
72045	2094 2910 1629 
47531	2107 2671 1439 382 
65721	1061 260 1245 1836 
44529	1528 1992 3313 
18782	2314 1829 1294 
68944	3387 617 4 
13172	1517 1358 
73394	2593 1458 3445 
65735	1702 687 3106 
32126	3164 1087 
39157	1625 907 
72408	1093 601 
10110	2302 2020 2842 
19108	3092 555 3332 
93933	2000 1504 3153 
82428	1063 2309 
132623	147 2462 2993 2639 
39623	111 2866 1402 
168298	2083 1062 
72080	2363 1608 
52449	1443 1626 1579 
103386	1457 910 688 581 1313 309 3054 
103602	1748 495 2928 3187 
27563	2021 23 1105 
155716	1441 3344 3146 
76691	124 1817 3088 
31307	1619 1816 56 
115504	1441 2196 
153651	2623 3445 
87896	1846 1869 1425 
94829	2104 1532 2740 
17869	2035 2528 1414 
66598	1820 712 3213 2573 
66939	47 3243 2461 
36957	2617 1528 2076 
37235	2854 318 
65847	1450 85 
134899	3404 324 3146 
10217	1864 358 2787 2207 
132933	787 2700 759 1688 3185 2236 
92823	3217 3302 3324 897 
104009	1603 
10365	1435 2935 
10025	2411 
40031	578 3360 3139 
70615	41 3117 829 
45129	260 1522 2493 
156496	3010 3075 2893 973 2479 
43208	2551 2893 
86158	1794 417 
118950	2639 839 1851 748 
102934	700 1414 299 1198 
107374	1740 1295 
41672	1964 3283 1714 
76794	1820 912 
45777	1950 1437 
29378	1321 
174050	2069 2723 
65991	1250 1348 1677 2464 2177 775 
53149	1820 161 1408 2553 2573 
117256	2376 2838 833 966 
18595	917 3230 
181410	528 141 
168779	2367 2337 
153675	1802 2221 931 2357 
154183	2387 297 2924 
65674	793 1093 1740 
67090	2852 916 
118994	3379 2469 2034 
46410	2066 3415 1240 
99701	145 1660 727 
36638	2567 1592 3318 1374 
63148	2035 3007 
85705	1487 2084 2227 
31797	3318 2646 886 
10086	3163 2054 
48742	3391 2426 3152 
39412	3262 1176 1415 1979 
35757	617 645 241 
18552	3350 703 
107960	1102 1432 601 2047 
154366	1101 1296 
92533	2835 1264 
52074	686 1621 
64995	2948 2462 
10104	2007 3165 
149283	3062 2339 2201 
154285	1474 1020 
75218	1643 492 
33408	933 1301 2287 
66686	3441 3323 
51282	2329 3113 996 
75006	2744 2413 344 2537 
105521	3438 1993 1513 1340 
44715	1564 2017 3366 3292 1719 
59845	793 574 
66751	2316 666 1533 
99797	2489 2154 
10670	2842 472 
53941	931 477 
81932	1056 2798 2275 
129049	3283 1059 646 
125417	2867 1602 1963 
163608	672 580 3406 
10962	757 
37465	2995 
66570	206 2104 1686 
17967	1344 2531 146 
54640	710 2104 1814 185 
45485	312 2706 2082 684 
18814	3168 1634 
52072	1597 3200 2645 101 2928 2612 3401 
168749	2064 2890 888 3450 1230 1824 
65067	2777 2218 3445 233 3200 
134873	1851 850 873 
150637	1093 3162 1597 445 3200 
100644	2969 2654 726 
68934	3144 1481 2011 1327 2263 
18819	1614 
124013	2623 2750 903 
136315	1369 1533 
75393	1556 1597 
134133	47 2170 
27264	3439 1793 
154293	1495 646 
37354	2462 489 
156912	2994 342 1801 
29285	1816 1861 2105 
61706	2528 2070 
78720	64 499 2593 1164 
76966	1820 1245 302 
125414	2986 237 3202 3204 
34501	2069 1278 845 2489 
33759	2510 1450 
53751	934 
82188	2489 2723 
37488	260 3289 2553 493 
34566	1172 
31158	2723 2069 
52979	261 1128 
60526	1061 839 
64161	490 
51449	644 515 2551 
10767	3163 1614 
162869	323 2603 
107373	1740 1055 1278 848 3231 
69299	2854 2645 106 2154 3069 2716 751 1805 
69944	763 3330 
17094	2107 
39907	229 884 824 
136868	3436 2657 214 
120581	1087 311 
95541	2906 353 237 2155 
18543	148 1588 
156565	1944 1436 3277 
130786	107 986 
136835	251 1474 1093 1581 2532 
52794	767 2106 3273 634 
66402	703 1276 3176 
69855	2139 3220 
24415	1775 1266 1849 1066 
27578	3227 2826 2340 
76972	2664 587 2982 
130849	1990 2141 2989 
17199	469 2456 39 1044 2069 
31788	2906 
11003	260 2416 
17092	3365 2054 
94187	550 627 
17758	3365 2570 2646 
29657	1172 1267 
66962	839 2810 3145 
37049	1225 617 1112 
130943	628 3212 
70564	2029 2251 
163842	2203 21 1225 
62894	2282 3446 405 
30685	3034 1258 1057 
113353	2191 117 1656 1889 
91696	2466 2141 1301 1566 
39506	692 258 3122 3235 2693 
14377	1412 1797 
79602	1820 2020 1587 321 1399 2821 282 3038 
38574	251 
151188	1684 161 
167099	695 324 439 580 
84997	2037 1081 
38901	1301 2188 
10114	1421 1596 669 
126385	2431 3224 2039 940 
39786	2906 
112041	86 1950 993 3404 
98417	2367 3154 3218 
70434	251 2986 
72960	2720 952 2303 
48747	2723 793 
151196	6 1374 149 
64920	2286 1061 1818 1372 
36950	1534 
179303	989 630 3195 1364 
143339	1436 1027 2451 
17524	1414 
60166	68 1957 1242 
73393	787 2841 1731 2337 3128 
91603	2783 158 
66199	967 3055 
144314	2533 1740 1406 907 672 
95873	2284 2551 3112 
86866	1798 2203 1963 
49726	1924 1098 2877 
35554	38 1558 1569 
75471	1063 931 
51699	1314 
36529	1962 1608 
100950	2941 1741 1357 
55457	1326 2137 64 969 2754 
10117	2919 1698 532 
171750	2771 2500 675 1303 
95225	2036 2653 3195 383 8 122 
31148	3163 506 617 
42547	156 90 
105939	59 3373 887 
13155	1608 1936 1872 
24008	310 1832 
39750	3138 65 
60657	3020 662 
65197	27 718 1203 
161242	1101 2282 
51689	2021 2114 
53152	1624 1658 
10130	3353 
10504	1724 2349 3340 
74627	498 560 3420 
51074	2948 3282 2861 72 
49359	2646 2221 
36956	1041 3394 1278 
64258	1267 3060 3452 
67786	1474 1020 
52503	1387 2983 2253 
162824	525 2293 32 1590 2724 974 2961 415 
39708	3168 
66754	1201 1423 
78784	105 1648 1043 33 2306 
70251	877 
92047	2147 467 482 
74123	2921 1599 
143409	2066 1063 391 
63017	1798 
130012	1821 2022 1162 162 
37709	2209 2271 2528 1775 
43678	988 139 194 
44126	2723 2242 1176 2442 
39430	25 1075 
130793	1979 462 346 2917 
155715	86 2688 
31726	1005 1026 
141824	2032 609 1991 
131579	3163 311 2622 
68089	1635 1800 
66358	1295 2282 
161984	1582 2069 2614 
46579	2092 2002 258 688 
96959	101 13 
49302	3138 1280 
17541	2319 1234 3258 
62556	2411 
10331	1887 730 3338 
60508	3396 2804 1267 
95501	1549 12 
83865	1901 2546 1514 568 
29848	2349 1276 
43537	1041 2059 
66317	3374 1847 
97857	1474 3202 2622 2466 
94766	2934 3163 1432 
73376	31 686 151 2923 
100825	1433 1380 2990 
82434	3202 459 
141418	1175 1170 777 643 394 
13314	120 2671 1266 2483 
96387	625 1101 356 1406 
154353	841 2191 
97975	1526 470 837 1606 231 1828 2172 1896 
158112	3173 1345 2706 2196 2236 
19529	2375 766 1504 
92114	355 1727 1416 
152633	1063 1199 2446 
143245	2214 1728 
157974	2912 208 547 3348 2177 
39857	2462 
49463	934 2772 
136941	1026 31 3292 3356 
165748	2146 609 842 
146517	1582 1528 388 
17343	1172 
62265	1964 1504 2701 
87565	2050 2792 295 
173958	2802 2833 2717 227 
14050	469 1528 1966 
36746	703 2251 3117 
37838	1295 3173 
76355	2007 2957 
102648	2986 194 1137 
73396	479 51 1939 
84279	3300 2369 
18052	816 2404 1803 
37642	387 
52757	1820 1522 1583 2501 3413 
19306	1754 1850 
38546	1500 1835 3310 
31911	2545 2646 
76080	2146 609 462 
47494	697 2823 634 125 
170879	3118 2249 
76451	2664 1414 
169078	2489 787 354 1076 1429 294 
78161	3171 1064 1101 
38007	418 2083 2533 1809 
163533	2533 217 3223 
82436	1927 1850 
51787	2972 1602 1003 
56469	1582 1844 609 1663 2215 752 
10018	3288 2794 1317 801 
10022	2411 
113955	1366 1308 
38364	829 1139 1848 2613 
174530	2160 
29208	652 2780 2025 
72327	1798 
39680	278 
127768	2888 3046 262 1235 
66143	1469 229 824 884 
118952	2264 1063 1533 
12369	2562 
24522	2741 3354 1496 
81784	2618 998 1222 1068 
95808	3163 812 2316 
81322	1097 1103 3022 
69990	2446 1912 
169347	1101 2504 2384 
46494	409 2814 
76439	1273 1521 2433 
13244	1985 
41839	3283 
33410	407 
122527	2014 1369 
17153	3227 2826 
40552	2446 1350 2535 
120557	399 2959 
40140	1463 45 2359 
145414	2347 2625 2536 
154667	794 2805 
84218	1374 2366 1024 
153652	1636 3404 
39150	2520 72 
27260	2646 1112 2433 
174835	1101 688 
12008	2271 3013 3431 
10072	1634 3368 2062 
24666	1791 1396 1994 
88461	1964 543 1619 
121117	3084 937 
183877	2160 
17262	2377 
34229	1582 1316 
152183	2160 1870 734 2098 1589 2907 2938 330 
18183	649 1654 
12324	2906 1714 2610 
12051	577 
72085	516 116 1591 
28789	2192 2906 1411 
102818	2714 129 3251 
124263	2867 1199 1931 
70463	327 
17724	1802 2462 1558 
122133	2723 1926 
31827	571 
146544	787 2614 
102817	787 1062 
163826	2094 3365 2462 
99724	2614 1672 2371 
84841	2601 2161 
35546	2730 3153 1945 
74566	1728 216 2806 
16090	2316 3418 3355 
11206	260 579 1070 148 3326 1265 
51848	947 580 640 1663 
74295	1106 311 1148 
77128	862 2104 177 1664 
50721	1129 2914 
16830	649 1252 3359 
71546	2241 2183 1428 
86376	947 2509 432 322 2298 
51566	1885 931 
74771	746 1035 2044 1525 
39622	221 1062 
10636	38 
143932	3168 
58602	1444 1965 1521 
70395	3318 181 1344 
10600	3227 
82253	379 865 299 
118958	3416 1614 1532 149 
51959	2912 1671 880 1938 
146489	1465 82 3031 1346 
94775	2623 1433 2257 609 1549 432 3199 1248 
60548	1582 1516 
39584	183 2148 1377 
31310	3227 2102 2639 
36619	1130 847 958 1559 
34010	2000 2356 1504 2526 
38083	617 206 
72075	543 550 194 
36609	2124 2473 2052 
95876	2575 1432 3056 619 
65436	729 3446 98 1370 
31778	2992 2639 
33756	738 2745 1379 
11424	306 
31199	1243 460 948 
79557	1295 107 
103797	1789 1762 2268 1388 2296 
49475	839 632 
144944	780 1361 2479 
73096	119 2298 432 1777 753 
144975	259 1362 
142255	3415 1360 1566 
78837	56 2205 
113377	38 595 
70617	703 180 592 
47425	739 814 2018 
10173	1962 2610 
52525	918 3299 2941 
39464	617 3138 241 
38618	1020 3209 
70994	145 666 2420 
59075	3283 2620 1071 
143214	798 
85150	105 1437 643 3391 
43205	617 
100801	3152 2333 
86505	839 2868 3163 
152341	1417 1151 
11622	2976 431 2403 
134856	851 158 
30796	1093 834 
63202	1254 646 
103660	61 2509 1993 783 1622 1992 806 2784 
71486	2906 945 
96986	3126 2954 
47407	839 134 
14802	235 1886 706 
41586	580 1516 354 
69994	437 1018 
36853	703 2567 2233 
106540	2059 2667 
37151	2450 2529 576 
113344	2708 2455 2260 
11482	2900 2745 
158601	1602 
31906	757 2104 
70254	1369 2510 189 
77567	2261 2962 
17922	2104 23 1872 3156 
69998	2423 
38464	892 2690 103 
71943	754 2499 292 
98747	3378 2762 1817 1251 
28910	38 1816 41 2870 
36410	2586 2421 307 
119966	1564 3162 2706 252 1423 3383 3404 3002 
31345	1929 1430 659 509 
64191	3387 
42589	574 1918 1284 
104467	101 541 1867 
90589	2906 3415 403 
125494	2968 556 
146480	1838 234 700 
32593	56 419 1946 
10035	757 
71760	1794 1386 150 
93728	793 695 156 3136 1993 1748 
63824	2489 2618 845 
65669	3289 1245 2046 1514 1487 2378 1933 
38281	2522 1390 1152 
73301	3327 91 1860 
71772	2224 723 1799 1246 
102128	1423 813 198 1238 
83893	1093 2623 2706 
36839	3056 1106 768 
46650	601 
31917	1724 1608 197 
71628	2896 433 2573 
65093	2783 1337 2446 
78627	2879 1967 
122009	491 758 957 2511 1519 
139613	2839 728 1304 2849 
66510	1488 354 
179506	1165 2564 
58287	3365 
45321	2069 418 2589 3377 
76441	719 3312 
167651	2623 151 2392 693 3351 
128235	1597 1880 12 
78388	251 2446 
78845	2203 2548 
71499	2381 2790 2491 
24602	2212 3381 
74869	3352 2353 
102279	1820 369 3263 3108 2081 
36858	3426 1432 1856 
44020	130 2211 484 
63027	2205 1045 
169551	1667 2632 1707 
144918	467 1795 
37148	988 1521 
127364	942 255 2818 
31271	1891 1963 205 
167697	3446 2002 22 1101 1458 
25906	3365 
122457	1306 395 672 2386 2041 1865 2621 2878 
31922	3456 759 
10245	3365 
113165	2344 2697 
16998	3273 1614 1374 
168011	3415 1895 2977 
65998	1309 3226 
75475	1450 962 3415 1635 
155256	574 86 346 682 2177 
97672	1101 3315 995 1780 
88669	3127 150 
74767	851 595 
158653	1767 422 
75216	392 882 653 
134877	1062 2887 3001 
127950	1993 1433 1340 660 
61115	1625 2191 2835 1671 
83741	934 
74879	1582 1748 
36959	3229 1714 
100015	2613 1343 3143 1073 
41838	2675 406 1403 
71073	3362 110 2624 
10201	2906 
80707	1225 2372 1213 
46804	1208 1554 
38319	379 1389 754 
10132	2007 1374 
39625	2896 695 2122 242 
152616	2169 3205 
18870	1137 
88426	1677 2841 1441 2750 
19110	2449 171 
153642	601 1433 672 151 
36857	1301 134 180 
141413	465 2811 
150689	1662 932 
112040	2899 529 2578 3087 1460 3391 2612 2516 
105501	787 1062 1440 151 
134960	755 1201 878 
39482	2069 51 
89752	1356 596 866 
86899	988 1183 812 2433 
28840	251 
111192	1005 3292 588 2569 
13957	153 2004 
136872	3153 1532 1566 
171822	1482 1771 
12886	2035 2658 273 
164684	3448 1108 471 
164192	1748 2937 845 3406 1203 
51834	1582 1062 445 
139523	2222 2299 1712 
53881	2007 17 2845 
85579	3446 1026 2002 22 1458 1101 
71987	1668 610 3253 
167699	1201 2282 
17942	2906 
17162	1321 2919 924 
177371	2036 631 655 1943 2909 
31882	1534 1344 
17744	1903 2209 
36676	3365 
10045	1277 3355 
175322	3027 249 3200 1353 
68437	3056 332 3452 
137327	2819 3217 272 
37937	1273 1102 19 
80664	729 1201 2298 1844 805 
158628	38 167 591 
58323	1301 
11001	2122 1815 
68537	268 1260 1116 
50184	3289 1245 2046 1514 1487 2378 1933 
64169	1979 62 2608 1542 
42867	2292 2 2871 
34958	2896 37 2647 1201 
39484	634 123 2015 
64185	2032 759 3152 1625 2514 
58018	585 1278 3244 1914 
105015	2158 2779 1846 
34416	1321 
70392	27 617 1924 
38378	601 
80465	719 3008 1534 
158495	2815 2005 2019 1104 
105246	2021 988 3415 2438 
137764	1473 1644 1471 2710 
31405	3456 2122 
65463	759 3162 3239 3363 
18875	2799 2000 1018 
47359	680 1003 
65968	3151 350 335 
115622	3299 943 2357 2941 
86298	1644 1457 1471 2898 
100072	2128 2968 2788 
19333	2934 2209 
174301	3191 43 2641 
52075	1892 2012 433 802 
32665	51 806 2775 1365 2149 694 
120123	2002 2835 1953 117 878 
111897	2092 662 1684 128 1680 129 3189 1866 
105579	3152 1144 622 184 1300 1868 2698 2955 
11082	3163 535 3306 
36869	456 1273 226 
65837	1914 3152 1326 
95327	149 40 2067 
164150	2040 3180 
84837	2487 1853 394 1210 
20308	716 1010 
72065	2783 350 1137 
52234	2059 2714 2572 3072 
100203	490 1063 
44625	2272 374 
165751	1082 2427 
76581	2230 2150 
79315	2707 2214 3112 
25578	2589 1278 2896 947 
38849	592 2035 3434 
56055	38 1247 
76037	1700 909 447 
155263	2937 1205 1841 
180425	3028 1756 487 676 
24452	3168 1775 2665 
117789	2000 736 240 
106361	1017 1716 3380 
31108	1891 2283 2331 
65217	350 3145 1094 
51708	1815 1074 
66520	38 710 3444 2808 
68563	1241 2066 2658 
96982	30 301 2856 
114225	2284 2982 1465 2010 
148996	2216 1146 
53034	1556 554 2625 783 625 2238 3015 
38930	934 
49857	895 3334 291 
31185	3365 489 
66102	38 2000 
39656	2083 2617 
96379	194 2455 503 
76580	2555 
79770	931 2205 
45774	628 814 88 
60484	2021 931 1529 
66200	1137 2610 3095 135 
154598	2471 320 
167100	2612 1144 3392 
46875	3283 3395 
29146	1558 403 2671 1233 
44913	1740 2059 2002 488 
182360	264 2415 3123 2270 3443 
71081	1802 
115977	2059 2937 1201 609 
19521	3387 2258 
76103	1652 2691 2317 
112079	695 86 2154 2943 
73285	2363 1749 
92599	688 2045 609 
52526	960 424 1504 
168693	1298 2703 1153 3051 
163787	489 1058 3012 1183 
57899	2020 990 
92093	1701 2385 2190 1310 
152661	839 1679 
151728	381 1087 
91073	3456 432 354 648 
156466	968 3442 2857 36 
16217	1634 2209 2087 
18865	2646 
134839	79 1609 
19343	2510 
73318	1677 2831 1111 1433 827 3147 903 
37951	2209 3376 718 
37888	2489 3262 
32224	2093 1786 1741 202 
33457	2934 
144927	2094 3402 
38274	2657 3269 3070 2644 
44728	194 3441 1507 
68052	515 2475 2893 2660 
65540	2489 1648 
92549	1624 1102 1276 
167787	252 1992 
144266	1160 3151 2993 320 
74094	2867 3240 736 
31464	3168 1775 2665 
122473	2886 2027 467 
78851	1062 101 
93234	846 3284 3297 
129095	2575 2205 1444 
76016	1862 3445 1545 921 3084 1968 2247 2527 
172187	2109 2508 
51172	138 1492 
66091	2646 2221 
45033	2314 653 1351 
68498	250 91 
45475	2227 1487 2084 
119428	700 2203 
24660	1501 3291 
10501	1085 3368 3006 
181409	2104 1535 
91192	1183 1395 1984 
96917	3231 1471 
72562	793 537 
14450	2104 
89873	1041 3244 841 
157795	1830 605 
88225	2146 3185 2244 151 
61506	2557 2188 2014 
90599	2730 2401 
17486	251 2258 
19761	258 607 3410 
118323	469 
98438	1369 2284 
118377	1566 2537 941 1315 
69958	2517 40 1985 1056 
51943	2411 839 1061 
48690	3293 1673 2502 
98485	2411 839 3135 
36678	2783 335 3009 
66463	3227 2826 2340 
11104	1061 825 
38888	2589 105 2059 31 
113348	2214 194 3008 
76051	139 934 2517 
31267	2783 407 1674 
145421	1697 1392 2159 
89615	2553 1372 2206 1257 1509 2541 270 
71498	2146 1471 2178 1622 752 
10238	3273 2906 
79102	3365 240 
85702	489 1674 3176 
80466	3114 543 
38908	139 1183 2104 2054 
81890	38 1011 
38097	718 1450 2363 
22126	2332 722 
68046	2146 1062 1992 
63918	1257 
160749	1101 693 151 
37743	2007 246 
15187	2117 472 360 126 
73787	3362 110 
52777	2363 829 
18871	1208 1431 
73018	3088 
130739	1703 3421 2873 26 2713 
31085	3365 2462 
85718	105 2985 2056 
91434	643 462 2928 2507 675 168 1353 
106539	1016 3077 1036 2048 
137944	950 1176 
178654	1682 1285 1119 
36841	3176 2335 1540 
62727	2059 2617 
24831	257 1689 1227 
130997	2568 2304 1565 
53084	1881 2126 1806 
52425	2021 2066 
95877	2769 3151 2106 
164115	2664 2430 2021 
34186	2799 1276 
49007	398 67 
107782	363 2997 2860 390 
152168	2146 1306 3451 
76348	2014 2316 2893 
54563	3405 2076 729 947 13 574 
146524	2154 841 2196 
79439	1041 
35878	2336 2575 1065 
54269	3090 2051 1630 308 
134895	107 1925 805 984 2768 
86507	1955 2406 1123 
180169	693 64 1092 1998 
47954	1093 1873 51 105 746 2828 
39894	3412 759 2453 1914 
38488	2868 2211 194 
62623	2092 208 
26348	573 807 3109 
137349	2053 1934 127 
123470	2719 3199 432 1140 3342 2348 3094 2746 
110379	2147 3436 
60016	2450 2600 
150198	91 3018 
45427	3207 62 3363 
36651	1784 293 
53047	1785 1491 
10710	1928 2560 2732 
52555	1063 2455 1369 
19509	1587 3250 
140806	1815 636 1669 
137917	2797 1126 549 530 1021 
52245	2646 1174 727 
151132	2821 1960 1574 
81935	145 164 
146501	598 410 
111100	630 926 
158623	2730 2447 2406 
98430	3050 238 1264 2206 1574 274 1675 
76667	2077 667 
133057	3317 2265 564 
52504	392 882 2408 
135843	603 808 1546 2259 2307 2974 1902 3345 2180 
97629	2288 279 1212 
50176	546 1415 3200 2761 1687 2436 
10244	1137 
12749	3263 472 
72270	490 
103519	1301 2518 3178 
48227	3173 3162 2617 1201 
35623	1026 418 
54951	815 3026 
164147	3223 903 3021 3016 683 
64080	2558 953 
75337	3417 2544 
159645	749 
99714	490 2094 2867 
32900	1586 3298 
172010	1597 2032 
56691	3181 3066 2463 
82283	2969 644 3163 
52326	2489 1597 2255 64 845 1201 3239 172 
39545	145 700 1657 
42126	1644 1979 1064 
17787	2411 
66158	854 1154 904 
168405	95 2606 
146485	601 488 3445 1250 984 2549 858 
92125	2575 1414 
10046	711 3273 
174617	1961 1839 1200 
164173	31 672 3136 
152170	2896 2146 3200 1993 
152680	1533 3376 1580 
112645	1950 2539 
141723	1705 864 705 
143490	2009 1261 2858 1378 
61029	1278 2630 2256 593 
69316	105 2076 1953 2434 
37409	732 1253 
66244	1677 2645 2002 
87314	2104 
66726	3298 1674 
172768	1906 874 
48669	863 1506 430 1809 
21610	1192 1760 1980 1855 
124212	1964 700 1787 
163824	3213 2678 387 3065 
30984	3083 2714 1748 
58333	1046 
17802	2979 1375 689 
154255	2972 988 1124 2639 
30854	3145 3376 365 
144943	1912 
56232	1646 2188 1733 
137326	977 
87311	3151 727 
88237	1032 1256 779 
102431	2666 449 3328 
10647	3129 594 
143435	1837 1086 1394 
53742	3271 62 1956 
66381	2021 40 1273 
145292	3162 1306 551 
87571	1278 1549 1448 3121 
51856	1950 2538 2835 228 2426 863 318 3377 
31475	601 57 
13995	3171 3244 2380 1663 589 
39892	2646 2336 
118652	1691 2120 1066 
17191	2589 1815 
114277	2617 1880 
49945	1344 40 2126 
140693	1371 916 3399 
86343	1830 47 475 
85578	2896 2623 903 2915 
51957	3200 3391 
61482	666 2551 3386 
26333	1573 2328 
70469	3365 2499 167 
10250	3279 1147 
146512	580 469 2358 2582 
82341	1075 3101 688 879 637 2043 657 2412 
130989	147 6 2845 
95263	3171 2032 741 2552 
18051	3078 1726 283 
55405	2234 3126 2177 
65769	1592 82 
35901	793 585 
65521	2979 516 
24280	3145 3389 1586 
37380	793 2666 1250 
49727	2948 1635 3103 1973 
168991	1239 412 1173 
16172	949 
53741	686 13 1256 
65908	3213 524 260 2546 1302 
17254	2906 2646 3135 
166610	1101 2306 
103704	203 1040 
19500	1582 601 793 1556 
50869	3190 55 361 
63513	3184 835 
86479	2847 1911 2859 
38092	2572 662 
92412	392 882 2927 
38689	1245 260 1996 
119456	1660 1203 
152656	2141 1450 1907 2239 
17170	639 2551 
117802	2708 2381 1156 
152624	3200 713 613 2680 1118 2931 461 
11088	3168 1962 
154668	2822 859 
163781	1514 2683 1502 1331 2686 2795 
160135	3446 1935 2913 
66037	1290 1846 965 
45802	3001 2800 2607 
11361	182 12 
17696	1694 1236 3337 
44922	1462 2225 2340 158 2008 
31159	703 881 
132626	3407 850 2175 
83250	2069 1062 585 
142625	354 31 
120188	169 1406 253 
53902	2567 2799 
33082	148 1487 1265 
54704	3217 3107 3370 
121051	488 2059 3259 2614 95 
136876	1160 490 3096 
125419	1454 1630 3156 1038 
86867	1796 3055 3294 1470 
130966	1926 2928 1101 1122 1345 1353 1121 
72962	2069 2347 609 
32680	1964 649 
135874	2071 1058 
10024	2411 2199 810 1499 
38699	869 996 916 
101999	2114 1531 1816 
42792	1531 2982 
11660	1368 2184 1319 
39654	2723 2059 554 
117861	961 1083 1661 1158 
106578	3171 1064 2002 1991 1296 1688 2472 1649 
159892	3171 2298 569 
109906	3173 2706 1740 2761 
50098	766 344 
87305	3229 3282 3110 
98484	2104 1276 1023 
63908	455 1792 867 
100647	2059 1564 
85659	2083 2122 
39479	2286 
65435	1479 2609 990 
17116	1137 338 269 
36343	914 
36992	2948 1217 1635 
52775	296 2460 
47528	2730 3153 1945 
77017	848 2351 2719 2398 1880 1729 1434 1333 
48310	149 1856 
93028	1926 3200 1256 2006 2196 717 
36778	1811 2286 
39399	601 1041 
67696	1188 2627 
57278	1933 3278 
96911	3377 585 1335 
94777	1721 3167 
66487	2033 2325 1975 
113163	2438 1776 2103 1281 
28796	1581 1475 2877 
122561	2146 2369 3167 1852 2748 
61431	2741 1623 3097 
62878	839 828 
75724	686 3126 
160721	699 2091 377 404 
93005	2558 869 750 
93001	1914 2645 
19079	3283 
113352	3135 1984 920 
31801	580 2061 
136990	2065 2462 120 
142305	550 710 2893 467 
10596	1504 
84297	502 230 2410 2388 2516 569 688 1757 
38738	3283 
58155	748 791 2014 
34521	757 2221 1769 
167374	3262 1271 
109910	372 2418 3337 
12577	3145 2200 2038 
66361	2381 1188 
89779	1055 796 1064 1750 
143499	931 2360 
93727	1644 1889 1101 2343 955 2272 169 
17135	914 703 2356 
103320	109 628 2851 
10688	1714 
99632	3126 755 
125473	3281 2986 
65856	3456 298 3124 384 
47088	265 2662 
129333	3227 234 364 
51579	3119 1681 
57489	2246 2986 
43679	988 139 194 
75016	2648 2198 
167105	3162 2002 
156098	3193 
66144	1464 131 812 
47036	1909 
56247	3283 1724 1325 
49637	163 
67034	1926 2092 686 1852 
144959	3423 2301 1734 2699 96 2489 2737 
54411	3173 3262 
100691	1225 3105 1224 1529 
45944	3426 1658 
35507	3171 3020 1498 1293 
10138	1598 1297 
147067	3193 1527 224 
19503	1614 506 811 
148909	2949 627 1963 
50407	2014 1188 378 
98467	3162 2734 841 3383 2196 840 
95245	285 1155 2629 803 
37489	153 1102 2437 
115405	947 3083 2550 1622 3241 2113 3131 3077 
16822	1522 
18285	2763 1203 1639 
136842	38 3407 3114 
72076	489 194 
63113	2868 1276 211 
38064	2336 1581 
73193	86 354 2129 2298 1041 2204 609 
86533	2464 2255 
65473	3426 3407 
31914	703 
137875	841 923 2236 
39705	3426 3453 3086 2457 
103321	2548 628 748 
74565	2986 3204 3202 
92575	3292 374 1923 1721 
124234	2928 1853 346 3054 2698 
144330	316 2598 2934 
119430	2094 2867 2969 
83084	1597 2623 2761 1187 
84319	2379 107 3394 3432 2710 1460 
52524	2233 1686 
172174	1286 2565 510 2222 
39722	1172 
115642	2972 489 1124 
133129	2714 2255 
120160	2906 2385 500 
134838	1102 
165321	1969 2901 1981 
56325	1177 944 
172420	994 616 1637 438 
76369	145 757 2505 
136843	1325 1360 1833 
140649	540 1988 
156464	1730 11 2685 2862 
10200	577 
97693	1597 2637 31 3405 233 
76955	1618 2537 
144693	300 193 2260 
15899	2061 1093 793 1305 86 
170427	705 2422 2345 
23847	518 2592 1678 1379 
91798	2937 537 1441 575 
31940	1018 2665 3264 
174257	2118 792 
38197	1267 
130373	2807 
88258	2020 1372 953 3017 
43153	2906 
85870	1198 2867 617 
137890	2069 787 501 609 
13582	393 1857 310 
28792	3283 2510 2639 
29321	1629 66 
41450	51 3167 806 2775 
25917	318 1809 2176 31 
66617	86 2182 776 1721 1034 
90597	3387 444 1339 
78621	3302 748 2843 3245 
43151	1225 134 2219 
33048	1267 1018 2023 
31939	3350 490 1977 509 2099 
31913	2906 3138 945 
91045	445 2706 
24925	2349 506 
107928	2646 2517 515 
69105	1571 2217 2781 1244 
138963	105 2280 334 
168058	3114 3079 
93008	718 
45921	1677 2928 657 2637 3080 
154313	1813 143 3061 
142803	3136 2688 1433 
36565	3289 260 
78070	1061 369 1427 2599 
38318	407 
69689	1964 2455 
123277	2291 2395 3404 
46415	2085 281 
116938	746 346 3371 1743 169 1155 1758 423 
36763	2799 1557 1094 
68616	3412 3126 1677 1908 1604 2623 520 
125421	3229 1722 2309 
67785	1582 2714 
45668	2645 1889 2354 
164151	324 541 
98970	2937 1992 
62274	3095 2188 
153964	2072 2495 
41592	2246 1686 1562 136 
31281	577 
35297	934 2187 2869 
10626	3289 3263 3326 674 
91391	31 3446 
89709	1677 61 121 520 
69776	839 3019 745 
63722	1488 298 
11199	286 1382 1049 
70121	44 740 2131 896 
155411	156 2298 
49725	2548 2033 727 945 
103331	2203 1449 
31796	960 913 1202 216 
39879	1344 1102 
51143	1026 3438 2676 
69989	2284 2551 3112 
109957	1587 1958 1084 902 
115534	493 990 313 
140010	1026 1145 952 2608 
69102	1714 1432 
42117	145 1183 
12270	2377 2237 3203 698 
35904	3456 1005 64 
61103	1488 418 
37974	992 2032 
26627	988 1733 28 3057 
37038	2228 
75237	278 3259 
140271	987 2323 2193 1759 860 
46763	3337 2066 
10006	1338 757 714 
37886	1718 797 2921 3246 
94568	3419 
64170	2250 1976 
122671	1 
39043	1581 1822 
71920	2723 695 3405 1621 
72363	1369 1102 
127397	3112 2462 147 
75697	1820 1047 
140805	735 1567 1184 
75693	2501 1522 2117 1088 35 1419 
68031	3023 968 1526 
38613	392 882 
62586	38 1965 3056 
74147	998 1493 3033 
92075	1787 1531 
37261	3412 1648 1549 926 
48600	3250 1587 
162229	3307 955 2305 3077 12 118 2405 2441 
24016	1321 
63879	2980 464 
127363	942 255 2818 
136899	1278 841 2384 2504 
72007	142 233 1312 40 3234 
78673	1999 1445 442 
117281	1101 514 905 
30897	251 
113312	3136 2645 
89218	3446 1582 1041 1005 12 
71422	214 2649 
52420	2069 1041 2667 
75606	3372 74 
81420	1713 709 2432 2579 
159805	1564 2242 759 
64994	1646 2462 3174 
66440	1605 3420 2289 
18781	1219 1854 641 
19146	703 1147 614 
129051	686 541 989 
77919	1488 318 
129383	1183 1710 2462 
37869	2906 
27770	251 2336 
98146	2069 1740 2706 
62233	2234 3371 2550 
72357	181 2070 2505 
81028	316 1658 1638 
129392	1950 1991 151 2608 
122489	1974 153 1102 189 
87309	1570 855 
72066	2783 557 2882 1912 
35273	3283 2675 350 
13480	1581 725 2488 
66464	2832 1237 3437 
10028	577 2515 3375 
13109	2020 2416 
34001	2466 1770 1349 
73477	2489 64 388 841 1766 
76626	1061 2084 2227 
72042	2104 
91510	2104 2920 1134 
164183	997 2936 132 
67769	2828 537 488 151 
24094	1614 
164932	1538 1138 
155665	1740 488 
138256	1342 2530 3192 340 
44911	2723 787 3223 
62789	2986 3204 
61639	2714 1201 
29103	2316 2462 
10253	1058 1714 3219 
130787	1488 1111 
45130	2793 1686 357 
14012	1058 3012 812 
57488	251 1724 2868 
32723	2466 1301 
43609	1781 1188 
88295	1597 2761 541 
38619	1488 2607 1287 2182 
146316	1061 2573 238 3213 756 
165026	585 2835 252 
127346	445 2242 2456 3223 
40101	2363 194 
137346	1225 2158 1885 
102085	63 341 1181 
10251	1897 
142632	1059 
75413	1926 2928 
61430	3422 2788 2295 
51443	988 1521 3138 
34324	1510 107 
19063	3368 881 960 
49004	2478 1645 3286 
143402	2576 2799 2430 
153687	2059 2154 841 2002 
53825	934 
102953	2452 1671 3394 2173 
37853	3456 156 1670 1844 
10262	1903 1477 
65569	1985 1045 
17997	2553 2731 
75557	1483 1054 1426 
86279	1026 3188 3187 2204 242 2298 
49479	1228 3220 47 
152684	584 2892 826 
61450	3151 1878 3005 289 
69951	91 2393 
83197	3141 762 
85148	62 796 1176 779 
72543	1383 744 
10003	715 1049 
61845	2551 1102 1418 
36496	1409 2523 2650 2220 1612 822 1376 2279 
92415	1581 
65090	1172 2866 1608 
68695	3162 3446 
51076	418 2146 
29571	413 362 671 
93094	169 3303 908 416 
85855	1488 1111 609 2276 
183132	1982 3182 2082 
17521	1886 1142 
71539	1276 2104 2664 
63850	892 916 
38572	335 2455 
149757	353 1002 
37236	1711 2349 482 
120165	2706 1880 2614 3223 
25265	3350 2570 
17098	1061 1070 674 1161 
33379	2939 133 2020 277 
33152	380 3067 76 
99740	1202 1414 2264 2249 
68196	498 2066 2000 
152156	1101 1340 878 
142384	1979 1201 2242 
35003	1757 2140 938 245 597 1640 
25584	2490 1804 
48074	2083 3207 
62266	710 3202 306 2479 
137757	1625 348 2536 2470 3072 1840 2918 
126841	3167 1305 2166 1263 2577 219 2656 769 
50704	194 1814 
100990	2806 951 3042 
17416	3387 2186 731 2764 
67533	1276 2455 1087 
88489	3200 14 1473 432 2875 569 
10040	913 1533 2663 2571 
73398	787 
37487	1509 2944 
99773	1552 2750 
91566	3099 3011 889 
36505	246 1814 
53148	1820 1487 1522 925 
82390	1941 2167 
152331	1721 1950 
105005	2255 62 2257 
100828	2069 1597 
62555	2411 
110333	934 954 553 512 
149221	695 2734 2761 
154251	2972 3112 1352 
19522	527 1381 
87566	3314 116 
69783	1097 
91611	3117 2701 1143 
51132	1369 2639 1531 
174626	909 
42842	988 2433 
39846	988 
168036	2575 304 623 
76445	1600 754 467 
34431	1061 3289 2731 
57794	1373 2912 3081 497 440 1543 809 
24196	2267 1134 52 
23859	1093 2723 2122 
55677	3001 2719 1043 2985 2434 
127383	274 3137 451 2492 
56671	2446 828 
68587	2284 2863 1391 
30688	2730 1945 3153 
69956	577 2264 193 
52530	580 405 
172454	222 3014 239 1207 853 1367 747 
43157	1619 56 1798 
44916	3208 2593 737 2940 720 7 
144280	686 1789 
149236	2446 1533 702 
62560	1112 1645 1833 
126034	3283 1816 494 260 2171 3082 
69207	2234 61 
164139	2469 3454 
39345	251 2021 
16220	2911 472 2731 2894 
106360	490 628 2203 1199 
115240	201 786 190 
161868	3079 2096 2786 
76460	490 2598 1665 
85113	2714 31 2282 2569 
152266	548 2235 305 2925 
137347	900 510 42 
65117	2826 3350 73 
92471	2146 1670 1201 2182 796 
164102	22 108 3451 2604 
16601	58 608 
10630	2906 
159070	1909 1545 1055 
79401	2078 1311 179 
83171	1536 1825 
57095	2730 3153 1945 
74308	3365 1432 482 
37245	3171 2347 2841 
34076	149 2258 
112268	3446 418 
10103	1765 1983 2231 
121094	3076 511 1355 
136845	2021 82 1563 
16516	577 3118 
164155	1450 2221 2164 
21365	3256 2026 930 
86324	434 2063 414 
143007	2291 2750 2608 2933 
130903	2059 3173 
121788	1093 2854 156 
52744	703 
78681	355 2633 3331 
94767	1062 1597 
87246	2679 
35990	1373 
88253	1777 3438 
33836	105 2714 
29217	2000 3209 1232 2659 
30076	2639 1534 3329 
52013	366 3196 
174065	984 1601 
154272	66 3138 1816 
86284	1740 462 1264 
177483	1250 1282 
10111	1107 2302 2842 2020 
53308	3365 1778 
168050	644 2796 
43568	1413 2380 1370 
162981	2854 3271 2196 1187 3451 1995 156 
175366	86 569 3251 
12993	2842 825 
107961	2896 13 
66729	1964 2000 
45695	703 1584 1161 
10004	715 1049 
13266	2089 
38582	2246 
125466	3415 3376 1533 
58085	2489 51 2623 3242 
140696	1528 1992 
60488	600 3043 3236 2075 
63740	2581 232 
17159	3227 
34331	1683 367 3063 
38883	703 
110653	214 1183 311 
36344	86 156 
50621	3416 2066 149 1884 
152632	424 1472 1788 
40033	2714 2234 3271 
62422	3416 
146407	3294 1558 522 
145162	1093 3173 2291 354 609 713 
37896	3005 
80464	3300 3020 2593 
18988	3227 2978 480 
94195	2284 617 3415 
45298	1557 1814 319 
53110	2706 1552 1187 1079 
138895	567 1736 3408 
99794	3446 12 2628 
16579	757 1816 3089 
104816	988 2882 1432 
39908	3365 560 2188 
182348	794 368 416 2145 670 
58437	3229 
10048	1614 
129086	1262 1299 
116866	2783 3281 606 115 
53813	3161 2054 
67059	1581 1816 3049 1266 
58541	1646 1973 697 
53037	2903 869 2519 1420 
65841	2841 969 2797 90 258 
142210	1919 2990 49 717 
42810	839 1575 3424 
47381	1965 988 2639 489 
28798	2966 426 677 
52463	606 154 2479 3055 
90834	2906 167 3368 
57829	2984 3446 
76347	2094 2867 2528 
171539	27 1932 
37486	1450 
82142	3426 1894 1459 207 
114282	3217 3302 2675 
82342	2765 435 
72523	863 1704 1380 534 2729 
136893	2122 947 2242 2937 3404 3251 
83482	1350 3161 1917 
53372	2906 353 
181711	570 1167 458 
95332	1321 1003 332 1706 
64129	1325 3361 1288 
19074	1581 1985 
31476	2896 3382 
169240	3052 2718 
34181	3172 879 
88662	1573 1228 
51306	51 806 2775 604 3167 
18682	2638 1843 71 
77566	2381 2790 2491 
131384	1655 890 2615 
132996	2146 848 2917 1353 
87655	2106 2225 2297 
70117	296 2460 
80219	1414 700 1273 2409 
58072	2575 3316 
76452	644 3163 1444 
164106	1062 1979 
80998	2446 181 2528 
39840	1802 1891 509 
82540	601 3446 
10746	2286 
98169	1950 1437 
28465	165 1046 542 
44019	863 
10102	1241 21 3149 
170289	2970 
36581	1112 
75395	3446 3200 1950 
17327	1634 3163 
31066	3376 927 2099 
115462	936 1397 3411 2162 
125439	642 2834 3166 2286 
171725	1819 2469 703 
76709	178 2600 
68555	2033 2467 1509 1650 
103535	2069 354 2899 
80632	587 2372 
12918	3227 1147 
97858	3416 850 2209 985 
39756	1047 1055 
119962	2928 2115 1620 2991 
62638	1026 2692 2082 
133402	1492 563 650 
94788	1777 1187 14 
146534	2785 290 800 
149147	1993 2706 
73108	3133 1198 
29042	3456 1278 3270 
10330	1634 
174806	2281 1613 483 
109960	498 2783 2066 1775 
45938	38 988 
137008	3292 2154 2298 
10039	1706 677 1816 
19303	2269 519 2454 
34227	2209 812 
169643	3229 2670 
17264	2020 1408 2416 
142822	695 1055 2104 421 
104612	2835 2434 1604 690 1101 24 
34226	2007 1094 
97696	3227 1038 1715 
98709	1398 1089 3068 
83883	1166 2534 2042 
31268	2352 2639 2331 
74866	2186 726 731 
66050	2114 1272 
143282	1 
39440	3186 2760 
61428	2868 109 2763 
125833	2521 2846 2486 
87232	1441 841 2536 488 1250 
109984	644 1657 1942 
94170	2969 2654 726 
125468	1524 1432 1904 1984 
17421	2271 1432 
38357	967 3350 
46869	3416 544 3280 
36833	1827 2747 2652 
57418	1437 1457 1914 14 
99715	2867 1124 
123596	2146 609 1604 
38617	708 1831 
146469	793 2447 1201 672 
147388	1188 994 
60510	433 3243 
11678	1061 2766 326 2338 
141668	1098 
39640	1937 2739 
162876	370 1761 
118348	1171 1581 1694 
60480	2146 2255 1305 2959 1300 1867 
117787	490 
10021	2411 
18563	2610 
76450	2557 1336 1875 
158576	1746 1015 1523 
68217	2069 2489 
158626	3031 391 2877 
10005	1338 757 714 
70691	3024 2084 
54871	1112 109 3176 
159523	1109 635 
69986	3446 3162 1256 
76442	2349 2330 1749 
75396	759 1844 2623 2637 637 
27624	1573 527 2202 
37926	1528 2252 
162420	1 
38686	2753 452 3029 
31272	2336 1782 1065 553 
47048	321 2553 1820 696 
76020	2153 2575 799 
72522	1950 2032 3211 
55060	3435 359 
76458	2774 84 2643 15 959 3195 
154222	2906 498 237 1199 
57874	3152 2507 1210 
39524	218 3100 618 
36931	1740 242 354 432 
69023	2723 3446 
134963	3114 627 
36590	3329 2445 2007 
30301	1344 2551 1646 
62733	2906 2021 2545 
100303	3397 
10071	1085 1634 975 
152625	2446 2462 
65902	3352 69 
52051	1547 1214 1221 3321 
127767	1830 475 708 
44910	2489 1064 
35839	531 3183 732 
71438	2563 1484 2273 
51781	3171 61 1055 3342 
102824	1721 3185 81 
92200	755 421 374 128 
93750	2146 1064 2110 3199 2355 
130720	2146 3239 2298 1688 22 
50672	1055 3430 
57253	2967 707 782 
52548	793 3173 
114142	2324 2817 939 3157 70 
42795	1885 2484 3107 
72405	1093 3365 2141 2769 
35098	479 
111106	3363 3356 425 1238 
143776	1 
17419	2338 1820 
140011	105 432 3016 
57997	3229 509 
107923	2835 759 805 3223 
154449	3287 672 1250 1186 
37050	2112 875 2024 
130341	1915 
53350	2210 2575 
137945	2906 1787 1971 
92590	2191 2045 1055 2369 
75390	2347 1305 955 2440 2134 
10009	2258 1883 
44655	1228 2540 1986 
44629	2277 1708 
52435	523 1772 
39636	1006 1933 287 
37248	2767 1972 1537 159 
86377	1528 2032 3197 2928 
118922	1670 3185 1688 2835 
55036	2073 2691 
63379	2953 2243 784 
98125	2252 1035 2773 1078 
18844	1432 2402 2349 
17773	1581 1822 
168679	200 1347 3093 1530 275 1921 3247 3158 
17964	812 3318 
36720	695 1055 
47550	1861 2105 1817 
138576	2605 1400 
159877	1201 2481 1601 
47370	1802 3318 
65713	1033 2248 2829 
33681	2960 2525 
49085	674 2842 2731 3335 3289 1408 825 1161 
92067	577 2411 1267 
76014	173 2240 1745 
18050	392 2157 
40133	3365 
153580	686 1824 840 
17685	1320 2254 
35624	2589 759 1844 
16904	2827 
61503	3227 
61060	9 166 765 3282 
24668	186 2023 721 
31901	504 2570 1227 
36666	2896 1768 834 
71487	1740 2338 1876 929 
10278	1461 3440 
17063	1061 
62838	988 2433 
51082	1295 3207 
72043	2000 1638 
84827	819 1111 2318 3336 
136900	1369 2014 
49525	318 2285 787 1893 
73344	3173 445 209 
162173	2160 
68204	3426 1273 1414 2910 
73114	554 2719 440 
25915	1856 5 764 
12056	2616 155 
82799	710 2104 1814 167 
101953	237 167 639 
179974	191 1113 644 
32610	2069 3083 
145312	507 
133253	2300 2778 1572 1191 2504 
81315	1488 2472 2582 314 1307 
14617	2130 1581 
50266	2146 950 3363 
35619	2810 1139 
54240	1909 2645 348 640 
39813	509 53 3209 
46985	1093 2032 
159830	3140 2547 
62285	1187 1880 
102859	1 
51786	2646 
78218	1922 225 2999 
72393	1877 3003 1641 
66803	1225 1658 
35626	3304 3219 455 1954 
96840	2572 1498 2507 1076 
82350	131 1100 1548 
65958	3064 1579 508 
38449	2896 57 542 
44025	2690 708 
90590	3209 2114 
51386	2714 3171 2828 105 
12693	825 1408 2731 1820 2715 
158885	2996 1024 
93715	3162 1731 2384 1127 2681 
38766	2061 601 
47152	2104 2920 
39527	1863 3435 2261 
10744	513 3055 1539 3398 
128392	2466 2135 960 
37880	3395 2916 2524 
29044	1 
66438	2069 1873 
10119	2100 2820 2185 
180399	3177 
83214	2854 1029 1326 
127459	1830 475 708 
80043	1950 252 2831 
106547	2623 2255 394 2552 1656 2177 
121090	841 2196 1688 3054 
45292	515 2309 
57684	2499 2368 1056 1354 
94289	1372 274 1025 712 1509 
63268	2456 2628 2814 1867 2848 883 388 3428 
35071	1619 56 
51690	1273 1276 
32686	1959 2072 
50598	2104 644 3176 3058 
143456	3329 1273 2658 
30270	174 2889 838 
34819	1100 897 453 
120125	1012 3405 841 462 
163386	1223 2428 
38835	3227 
84414	1531 2769 
89774	2896 1295 863 2228 3101 
44920	2783 1856 1592 
96014	2583 2322 1030 1289 
22080	3283 1112 1231 1689 
146421	3409 1413 54 
99752	3446 3173 
98130	1348 3001 448 128 
78155	639 1641 
44982	1922 1859 
119453	1906 2080 2503 
64126	945 1557 2639 1450 
19147	3365 1226 2783 
76295	2799 1856 489 
131388	1152 496 928 
164200	872 934 
51407	3126 1688 
115530	675 3447 399 999 
173884	2055 3200 405 848 
23849	3227 1147 
100150	3427 2074 3132 2474 
101901	793 1688 609 488 210 
52541	979 2116 3105 1605 
39758	335 2310 2588 3357 
70773	1564 
89361	1656 1458 1176 
68567	1693 3155 
18488	1781 
18173	703 2948 482 
90901	3103 2867 
119440	303 3098 2661 
31456	920 2420 1930 
28788	1614 
37936	1344 615 3039 3306 
144968	3283 1602 1203 
68063	2906 
39637	3289 1047 3170 
61521	515 134 2660 583 
78945	3456 796 907 354 2710 
65967	114 2687 335 
72441	1454 21 109 
112082	1820 3413 901 2290 2294 
17534	2694 2266 
57971	1534 145 2026 
137952	793 1926 
71139	2092 1334 1663 2569 
70883	3311 1042 164 
18730	1735 2447 1485 
96969	51 1415 602 2298 411 1012 3148 2676 
78780	577 1608 1476 
17173	2646 2349 23 
65724	490 1534 
35187	2363 2447 
130346	329 2152 
72012	2057 2691 
116799	3271 2002 569 
69040	2205 846 3233 2566 
47986	1000 80 1168 
34572	2141 2963 
47385	3446 2298 1078 1458 1987 2666 1034 
136611	2751 302 3125 2944 248 
39744	1211 3384 1075 2032 
54678	3086 1444 1690 
70562	2013 
50669	2336 
11181	2361 2998 2498 
53746	1198 3133 
65649	554 1506 1201 2354 
162471	256 2689 3216 436 
48602	1820 3263 3413 
10002	715 1049 1039 
62167	2835 989 3130 
10185	104 2429 2973 
117790	2291 2673 805 1923 2276 2608 
10561	1634 2062 2199 
77119	2575 2309 
70123	463 1329 1279 
39360	2906 3151 
149777	2646 2735 268 
53785	1487 2227 2585 476 2378 3388 
124201	3171 2298 
159037	673 91 
12072	3037 83 
40135	1996 2497 2338 1573 773 
109753	3162 643 2384 3187 2456 3239 1031 
36337	489 1608 766 
82568	3244 198 1079 1178 1908 1144 
39801	1582 156 
164101	2688 566 1099 129 2655 
46967	1413 2841 3101 
62175	251 2000 
33062	1534 
51083	3200 805 
34194	1238 90 
127398	1474 3202 2622 2466 
132333	1 
106599	986 2298 3409 1564 1880 2196 1077 1067 
33259	1418 1504 1401 2870 
61698	2069 10 
117262	89 661 2837 243 
39906	3283 1965 
68435	3446 31 
52144	1348 1423 2550 
128258	2489 3438 
70399	1314 3023 1844 
36799	149 2102 861 1058 
109902	2286 1476 2573 
129012	700 1160 3086 
45232	2533 1625 688 
49008	1369 2510 509 
106518	643 1721 813 2773 2637 2738 3383 
91031	695 601 2059 
29756	1295 580 
10033	757 1769 220 
81128	793 3262 
64195	1951 3363 1210 1989 1542 93 624 
118955	1198 1816 477 
36484	38 2189 3403 
102278	2466 2462 3047 
92536	2079 347 3068 
60755	1 
19469	2462 2799 
125444	1098 2543 343 2950 
119412	2906 2321 
44022	433 996 215 
119632	2503 2396 
52429	2356 2205 2127 489 
75401	1026 2625 1182 805 625 1631 
127375	644 1657 116 3088 
75397	2298 2342 
14360	711 911 
134859	2783 3379 2396 1642 
52528	945 2232 2155 
127382	2379 3445 1789 
129406	3377 2191 
136007	3136 2076 3130 
121837	605 2690 
152385	1979 580 1406 3223 1120 3364 
31795	960 216 27 
103762	2653 1993 575 
136832	2196 64 1953 1663 691 429 
60296	47 2058 
79159	2282 318 
58015	1798 454 
